1000
58477 57856 32092
40776 34623 52732
32897 62176 8649
81349 28063 53189
8585 82904 91013
98494 54081 67450
83721 4307 67297
13430 55888 31204
3617 44626 94501
74436 23972 71009
37005 70920 96806
377 55321 60953
18797 73135 10745
60568 13693 98638
84507 15828 22844
63684 68592 32094
58682 50877 91174
39739 7067 42799
8974 42636 80442
26066 24499 17180
49975 26262 4487
93594 17937 1687
28225 91056 74950
98363 77500 84046
69254 89186 91357
33201 1928 90073
33540 23006 64722
5697 77902 23874
85471 4119 81831
949 81417 95051
73429 49986 30246
22658 31863 54462
68316 32922 97367
97480 84670 82318
58199 56562 40110
30711 87104 83260
6292 27095 41931
83487 67756 5454
40308 7816 66104
12619 86241 89566
50331 81963 30848
98220 4951 12442
56819 1225 66079
95963 20620 90354
35530 275 1649
87694 84464 29365
96121 28309 10465
4505 22710 15140
96768 18847 77259
26380 77463 44124
43386 88958 56875
60186 70997 81459
60714 92722 9007
40662 35546 94082
97709 48333 40091
79257 50434 81842
41618 13904 42010
8541 14497 70906
52424 47510 97295
7986 36730 81223
30728 91255 34937
27853 54826 54081
37542 3397 38491
1472 29433 59141
83169 58903 47158
87458 71684 66569
58179 36863 22975
8318 77708 398
52118 1716 18776
4790 60133 25482
46550 65037 86426
52732 92723 77132
50582 7325 50378
61208 8883 61921
39566 47142 69534
6583 18270 38570
62661 96014 153
61227 98071 31205
33131 46872 26578
65342 63764 57330
12183 46885 40222
60863 55995 21895
65127 97527 34017
41256 97157 94222
10854 74416 8782
54045 9803 10255
18192 26909 32093
74644 56110 14232
95698 38632 75396
49992 35977 72065
71008 77598 40542
10655 98831 20421
19612 9928 51822
19939 62018 24421
46180 36575 26089
34169 70124 61577
48387 94683 77840
96474 81586 44969
27733 46881 58884
20016 5753 9171
50218 5660 41240
21029 91808 39658
26857 81610 36943
57248 8749 38054
22046 18871 52736
80184 98808 99314
60143 14451 35071
2243 43477 75541
38034 27663 39597
92904 76812 6568
68739 39538 50385
38503 9533 57741
5723 37410 37303
27967 30425 27821
65163 37967 81400
3886 39074 1222
94130 56779 93256
36798 92748 47837
40750 43549 69778
97418 98765 13585
22704 34455 79061
67996 40829 79893
56113 3180 14621
71561 79192 76650
55429 70239 95418
35959 38020 33932
28657 77796 70041
62096 89348 24471
20964 28637 65020
61888 74672 52789
46794 7424 89057
74737 2989 43935
24459 57467 7371
17905 41331 74954
73954 93399 24404
18457 79108 27353
8110 55043 42328
38911 79446 52864
42913 86337 92257
20529 12243 73748
65058 48995 927
49577 94035 22242
62449 52266 90138
85737 95794 52781
82337 73407 26946
91217 62692 18728
92250 32594 47533
52924 25141 38766
20229 2796 93091
35355 43838 90892
5101 58576 37350
36260 50209 91418
3171 99677 91680
40177 4028 13720
17603 26972 47437
97227 6593 19823
89639 15318 7221
73292 47959 16222
31632 30805 33539
47094 70332 10149
19060 56854 89940
45845 24544 3488
27183 67409 75929
57198 37664 43403
74133 68993 1764
80636 58849 31402
3924 88574 50682
8413 22911 57868
81775 75562 35408
86153 30342 62550
8610 85515 33410
11055 48645 25154
36201 7943 85852
77453 32219 52208
83782 6239 38377
86725 83904 50420
79023 50551 68781
46798 89409 55192
89599 50893 59032
66160 56187 27134
9537 1225 31962
79496 57833 30245
47366 54001 74720
95088 28113 78728
82884 13259 78349
30207 89474 64763
85830 14085 65933
56840 4474 60260
96302 83460 39725
75560 66461 24774
92248 17915 2924
36166 88033 93113
66718 23302 51510
25014 55292 4776
41344 94840 88828
72277 2782 11150
97099 84278 13361
65402 8692 80270
70610 94255 72398
68431 43056 35725
69105 32194 21055
75767 37441 43066
26034 61523 44162
43787 8146 538
81301 40250 66796
99115 43054 54646
24129 60014 90512
61692 63047 96641
58159 36661 52914
49681 8042 50765
76280 63268 83019
95817 13295 84193
31600 50865 53193
17182 1106 72440
49001 23936 68351
70846 30638 45245
54209 52291 67032
84026 53854 10256
27395 23469 78462
18205 14517 73623
75615 7538 76893
45509 3417 39883
26058 22490 37084
71198 36227 63375
80289 75616 45303
95400 12969 43462
61605 88765 72037
5040 31577 30711
91958 46391 81852
7583 4043 14331
55497 64979 85696
44184 31085 47205
35809 71428 27059
51109 96537 74385
2022 54722 43156
47587 49994 5304
14008 8326 81308
91038 26533 33352
3369 86217 30811
11005 60398 69996
58520 75756 16497
48868 52545 17026
67190 81195 89935
8666 9259 62351
97673 9165 82227
75398 42906 28007
22670 95785 98321
11228 40171 27361
75441 76136 79338
70528 10110 88302
59383 84983 51209
74302 86125 51057
19144 5961 57368
4677 8916 62812
26936 74445 36538
4759 17756 46969
68925 39811 40056
49621 2073 68104
4109 56025 7554
98282 10410 70516
3338 13298 72686
93537 54767 74591
32649 59404 12209
1372 87963 90362
83499 267 11999
91977 79461 72524
57316 11234 21274
71102 74583 86036
36580 96992 37138
13775 32540 15667
81654 96772 75609
87882 54042 13760
53951 40606 30102
91358 70719 51869
49813 82736 65221
16257 9684 93916
89297 60362 21872
90862 21248 53677
64629 21730 61379
1211 81414 73669
28753 72503 45084
65351 66946 43604
94197 28722 12373
24136 61706 14886
25932 46569 73263
30004 81508 21089
30128 89421 31934
77381 97402 37925
75846 88900 89484
5026 33916 73218
75497 24704 82349
45441 59814 57795
36985 12930 82157
95146 53572 56470
64291 15986 49065
15367 26754 12496
70772 59957 32637
37779 25255 62449
10951 60248 64018
95055 62529 98111
35185 73639 65995
32606 25928 62172
37100 77793 36881
11441 60193 44020
94762 20991 27703
23597 76996 37020
37255 46482 98227
45277 29587 89997
98968 39471 26079
18552 18915 12570
32966 51034 30836
75111 17646 10782
39953 69587 35916
65892 24305 19534
19795 63 53076
16497 37950 62064
44912 92889 42616
1712 76585 65236
45260 23993 9968
6716 24127 70152
24476 17517 47799
46373 8329 40723
81867 45829 68153
57220 14162 71240
39720 99079 64392
31882 19422 12935
48261 92852 12598
81042 26270 45834
51751 31722 21338
83358 56860 84474
93289 20464 76654
5792 22850 573
69067 96861 31805
70668 58378 96902
10849 40310 75387
49003 41215 40404
93100 66544 138
19552 53191 98641
78672 71091 83304
4334 75137 62938
91439 19989 14146
47702 28183 31055
54298 52335 28644
95324 93253 25916
26629 69564 30369
49030 49430 64735
80903 92748 63924
13081 76799 68271
24408 98088 32222
72320 93114 46466
59702 47882 51990
47467 79672 44264
97808 64929 97068
26421 31543 58367
26252 38283 48100
86887 43382 16918
37279 54557 75423
13883 78496 51770
66172 75822 74254
93458 31665 86733
63095 89971 52414
30552 73204 73337
97513 40795 98205
77301 67154 64357
27581 11321 4656
65047 38864 27452
14953 60705 57810
48486 58417 91801
57692 93827 23060
93290 3977 83878
20282 57250 95233
95031 55766 14933
25103 8770 791
17932 1853 95197
4296 35409 8682
41526 84375 24912
68397 87043 25362
20558 25421 47005
51195 21809 73862
27010 39785 84512
52621 56459 50763
18487 94582 71562
68851 26959 8004
81550 42606 8719
3682 17437 23844
42602 85381 93228
41648 47663 896
72518 8069 4338
71274 52116 67393
80399 12932 92236
35939 51969 14641
8247 48459 16007
83427 49340 28981
586 32100 81353
72790 56094 13981
97566 79114 46109
94253 99020 79964
41935 86139 79813
13780 67943 2334
50824 72092 58774
37642 58517 83915
70088 83722 62494
89271 95668 35940
55249 46559 37128
47862 9912 83959
18071 44059 31141
99938 56461 30327
93413 63059 61166
59314 49872 66906
2545 45966 5815
30298 36580 98095
51140 37696 93585
45976 34480 2700
79768 67572 86370
1718 63832 8466
42707 81260 49449
15031 69470 35599
44323 12285 58745
55853 4679 24173
84583 3406 4003
11161 43315 87654
33210 94914 36575
69190 45315 4386
91752 5148 59761
70877 21755 59607
78268 26076 25481
91934 39743 71757
34472 53515 17653
71469 24630 76710
29244 64325 9624
48600 87797 63081
98310 32777 62071
79401 39341 63217
78672 58203 95081
72576 43313 72125
63588 29188 52780
21827 73822 42865
97728 17034 90242
90881 57959 969
38278 83792 19028
77190 59627 45899
87430 74234 55631
44545 34234 13358
24247 19949 28820
63041 96436 55496
21355 75280 48235
96737 12848 67815
90825 79523 97204
7502 5764 35644
90906 86878 28761
20724 3164 74106
90260 55335 15560
55890 73051 88303
62466 60339 49976
18525 47144 38782
74157 79693 86045
22108 45178 66708
81211 48332 28069
1400 20858 32137
14808 73441 11411
62507 64297 75172
58533 57133 82846
13847 40593 48721
41035 26460 94435
9474 46273 83315
24750 58933 93504
99467 69275 77712
33462 52678 22756
25618 36740 58461
92597 80009 18004
52368 45695 64704
2176 1851 47066
49143 8409 35420
36427 79096 37756
97459 75103 72847
99038 39319 93594
13860 61458 16454
87932 14024 98334
3460 83535 64165
5568 57335 33836
45727 95670 82480
15297 99347 86386
83594 23719 34068
8231 51157 51589
40837 37583 85295
7309 77862 42831
12184 62558 85765
76611 77251 24921
82048 12809 8440
99825 7630 17154
13720 3600 96569
31086 93193 82168
90305 57191 31187
72489 61043 9106
9722 66234 69345
5800 13011 63451
93982 54399 36053
94918 37923 57442
73619 40014 72697
51393 54670 96896
39263 43594 17548
79211 25709 72440
91987 20385 10094
30062 95578 31334
65917 14990 96892
22450 17834 57131
98194 7768 84981
62491 80610 59493
39136 45089 32411
56687 93662 6600
98299 15156 18408
89000 68450 2724
19282 89735 96775
76052 35090 24888
99673 94232 20807
97693 54447 51784
83422 60691 30670
76883 45727 27269
11206 55326 23824
62248 43920 80482
8799 4878 64866
94727 26215 43575
89153 54283 965
75072 62171 41067
15451 5144 12628
4061 11727 33194
5875 22367 79686
75991 93268 98384
80121 72243 55396
40812 8829 95540
73461 52998 594
5945 25483 53677
43023 83104 67228
91268 29403 68065
31623 67902 78668
77309 54086 7437
16834 32144 1048
91016 88887 37573
19332 56481 49172
38495 94108 40936
83603 40380 14123
69382 10212 83237
64586 58784 75549
77623 9936 32349
17331 94074 79490
24526 81697 27623
71817 81325 93628
49024 94224 38259
48480 35137 42554
71523 67629 19631
58922 12411 19627
37759 49560 66622
17317 79272 37708
86605 5212 65
15478 68846 89520
93002 46911 42250
62303 52833 55851
38240 48132 38910
94595 61130 29110
21149 57914 30784
66712 63511 39258
83191 79722 20803
90427 74960 17334
69882 31882 39314
81740 22219 92827
87482 76319 17458
78845 37709 79981
83603 68393 19930
15385 70393 98839
82516 29203 52896
83524 95296 67909
94426 90001 88833
56036 86615 19357
36575 11184 65491
3668 12062 2559
22839 63604 12122
42764 42758 22011
72167 36268 9133
80255 95469 72186
36648 43520 60164
72866 39849 96743
46812 77414 82596
24800 84793 37442
21110 66468 84934
31718 58211 82345
91266 61954 87496
37809 54958 27736
16423 48302 27514
76242 87516 16024
65589 60930 21997
78596 20843 51631
77678 22168 22093
51638 50817 63089
93955 63247 84730
60703 18432 59723
6930 48691 53086
246 75179 38340
46459 79589 40557
32329 88028 69524
67782 40191 68699
14969 77158 80644
95882 48801 11075
18683 30076 7722
3353 49445 45414
11907 12141 35995
46589 59976 23076
48476 59386 80458
8444 95802 89367
93766 78608 80842
50753 52171 27732
24584 63367 24768
46575 997 51511
68653 70222 45722
70326 91160 59092
32202 19236 36143
72156 75432 49863
99386 19753 20042
32114 76781 15780
53947 4574 88747
89471 10286 86024
96695 88619 42814
33559 85649 63170
43045 46125 73805
82408 49860 16994
65018 33616 91575
71112 23311 43110
19442 70696 69762
4218 20291 92895
2455 57049 3123
66527 80539 36324
23465 6916 59572
8252 48175 78601
25754 64065 68747
26392 73565 76260
83030 52019 37431
38272 58543 13104
71851 56694 85774
3050 90922 28545
6410 12403 98172
74217 71275 42546
43862 42007 15184
75038 22431 25229
62356 34276 12935
18607 46898 67449
78984 4831 99420
12995 80560 97997
41232 74278 14687
59958 40777 74337
71752 79263 83340
25034 70102 21596
28889 54381 25583
38825 78340 80871
28813 7623 36498
73556 54572 57258
54826 73674 20545
77380 33217 97420
59044 54623 5610
53134 16292 95557
52604 92449 46017
24221 88101 97790
37444 74751 2820
28520 11206 59059
40105 9270 14677
43587 23605 76224
66144 90188 80276
45898 8598 13747
10677 32733 4585
97802 68345 87423
87949 32268 78528
90083 13981 49672
31349 55456 76206
85783 99974 26577
40891 41176 85752
21911 39116 62614
1410 23913 61028
74682 32404 9809
11050 13131 93179
33209 3809 33186
79503 54883 22677
42095 13206 18931
79102 68925 86417
70707 7824 74990
62108 6024 57743
73078 2213 35624
41634 33011 48585
19840 52826 56494
45991 81433 15476
64296 44880 78052
43947 85046 99439
86397 28004 5111
62132 21820 62888
82204 30969 5612
57152 17453 56590
15358 80440 49420
31191 32673 19799
70510 76764 50599
62427 99795 25183
42637 53311 19666
18480 95364 96242
60325 29538 67887
72335 35571 11216
2258 78749 48459
50736 16652 78359
82809 42225 23834
48305 83362 11107
56202 83810 27453
44108 80613 46595
81803 24572 87690
25227 88691 95672
31760 18772 65159
99630 56455 18449
65651 12579 52575
42142 74315 33523
48742 81552 4921
65050 27233 11849
96466 79938 55089
85949 83178 93789
48892 54145 11971
65275 69389 44929
92327 97512 71057
78605 30085 96969
57105 15810 49199
51949 57084 3112
23044 53309 13054
73199 38674 30360
52599 81155 77438
62487 15984 78258
45531 43387 93280
98737 63982 3406
73538 14074 48974
1779 90228 97786
45043 18448 22952
50872 69232 99500
80233 73335 27296
16841 31114 54634
9295 10453 11083
86956 57113 47217
17067 5335 70500
13656 88544 27481
18083 43909 95052
88232 92081 34438
58611 96254 24313
29314 38646 9141
8244 22549 94688
43289 63885 10955
7768 55686 9736
42589 61142 23556
33611 25880 66179
58712 90721 63411
98604 35385 1292
90386 98223 44549
48295 76535 40512
34991 53947 27370
85161 5480 90887
9185 26997 39095
41152 91226 26335
66977 50942 73007
41795 2035 44485
92255 3178 71830
67551 39880 21890
62821 7961 51553
89439 551 9393
99337 73044 50762
77556 57147 17599
33250 95216 29407
68816 26016 54619
98766 90196 39054
30759 49648 80610
46797 40984 24325
10533 45015 95503
68177 84049 48718
30913 32817 31984
48758 33205 27495
41043 6478 2866
90511 81333 35708
99823 20680 1557
86132 90585 77360
11046 93718 60034
88160 32779 44953
18822 7884 888
27309 32141 3161
60152 67870 73744
30843 57373 43610
83666 92794 48871
36914 60183 11845
23145 5007 75564
23516 16709 15319
63359 33671 9320
86579 18510 79435
55946 71387 24667
8585 28451 38165
44477 47891 12703
65042 3712 83065
44879 53470 99004
89660 4504 28398
97503 95139 89142
66231 87115 18608
98804 53395 1967
3005 41550 25230
95236 69031 94913
7004 79226 76493
47735 4141 79830
95406 16194 70370
78934 2529 30701
35068 66830 18897
88530 50094 82440
11833 67709 81353
37388 5526 49145
11356 65936 6803
24016 1804 42361
21250 45532 19516
96053 23079 15375
41161 9721 19540
98058 90018 49213
52304 24215 34040
33709 73335 22422
90187 31788 59720
99755 80607 2425
20870 78302 50203
64050 12617 32349
94372 43971 18789
57037 96158 34105
95590 22932 65944
15790 95460 58004
54881 22013 87516
23462 42981 79499
92436 82869 91050
34797 86332 13998
37622 11461 71193
21142 72786 40440
22056 33086 82471
66994 86187 21562
53548 65027 60192
23071 349 26616
92170 29287 89303
14504 18636 13961
62844 12698 25263
75173 49711 98868
41400 25056 53444
67646 3247 7895
95133 46568 76424
53842 19756 70014
53543 86930 60920
19262 32874 64067
95266 62380 24422
59946 91754 66249
30379 39875 82126
38923 31562 94416
32342 81604 59672
37614 17210 33410
69967 90982 58784
66179 66239 62961
97493 26935 78898
82758 94702 3710
13054 12235 69695
8442 44745 78416
39448 62668 8870
70940 80247 78129
78135 91795 41376
68084 2695 90294
19948 67944 40731
93244 86589 22187
90069 59769 5201
44582 93804 98231
56412 44722 24350
95629 19266 84912
82023 77563 21447
82127 32667 48902
24144 41963 22693
53687 21446 83063
29014 16547 97679
27140 66030 43279
48326 52553 8644
7372 22137 59605
74222 5143 52726
18606 64578 4537
69011 23484 40475
32762 35261 27468
86955 84736 55792
22984 71029 27751
80690 27882 91754
29792 89517 13894
24906 95736 12038
15253 15706 5610
97515 16606 62132
26112 93413 40703
37453 390 61034
76337 90428 41120
5227 99518 69168
30899 26558 28106
62256 9824 20514
89143 51054 17670
32057 31273 28900
75104 41313 92230
80419 67158 34557
98913 43643 97705
47837 93962 19242
52390 69897 98685
93692 42601 24333
37606 57866 34265
33125 1065 35482
77130 15626 18846
12424 1673 89450
44443 1193 29902
88479 95050 9058
70214 34763 57832
80016 35919 23024
39565 26793 50375
67134 91797 81740
21619 88357 53660
77425 35456 93598
93912 93820 94790
54464 56484 3935
16655 87273 60275
29907 71951 848
27106 84550 42871
95738 97975 31523
12575 6619 78288
29786 99246 35203
60538 26224 91762
93620 49423 46526
93738 42709 84192
63466 85514 43717
62444 92341 91165
99074 18761 19413
1741 68712 71149
44012 44558 11353
66259 3633 24958
16631 83080 4884
64852 20612 28708
91420 44719 53469
42617 67518 79152
7944 22679 8712
26721 40165 64247
92417 50334 3344
56566 21884 94371
80443 75098 85924
36764 63761 11936
73377 10698 6715
74158 7757 18007
8715 28644 8952
72290 34803 6394
61535 942 43919
13960 82052 79938
50155 76960 1892
49224 8241 34236
46788 18342 23932
4225 15261 96255
31800 42673 43812
10570 71744 34798
99530 50780 82544
88831 27262 33164
28624 21517 93459
40115 60458 21718
52252 77912 89668
65744 78974 91420
30364 98084 29355
24384 61478 20866
74896 43278 69473
99473 18718 28024
60743 33998 52183
26230 19377 99373
90904 82685 11761
18592 23852 5323
48092 85796 45853
67307 58155 57094
94628 6491 80894
25195 37547 1279
83440 9830 91853
11113 13646 16236
54795 86555 93512
33944 5273 43487
86402 33134 25167
73668 49988 68387
91110 92745 25634
65879 56681 276
76643 22609 53420
52542 11131 20644
60071 52064 92564
33680 71625 82454
83420 89453 84738
89550 40435 79038
14984 83659 41245
1144 74475 97365
59376 36044 83503
63538 59640 54578
74476 76425 72529
67916 57620 92490
33872 21966 58513
98887 45092 34531
18442 65905 8239
22756 83161 76173
27450 66904 70492
6987 37005 93568
55071 45139 12066
39437 27783 11846
85106 44938 92936
44396 91396 9415
4929 30787 83333
10451 16822 17801
